  2.84179688
  3.12011719
  2.83203125
  1.94824219
  0.56640625
 -0.81542969
 -2.13867188
 -2.93945313
 -3.16894531
 -2.84667969
 -1.87988281
 -0.59082031
  0.85449219
  2.08984375
  2.91503906
  3.11035156
  2.73925781
  1.77246094
  0.43945313
 -1.02539063
 -2.23144531
 -3.00292969
 -3.14453125
 -2.75390625
 -1.76757813
 -0.37597656
  0.99609375
  2.24609375
  2.94433594
  3.09082031
  2.67578125
  1.58691406
  0.24414063
 -1.12792969
 -2.37304688
 -3.03222656
 -3.12500000
 -2.68066406
 -1.56738281
 -0.22949219
  1.21582031
  2.34863281
  3.00781250
  3.07128906
  2.53417969
  1.43066406
 -0.01464844
 -1.38183594
 -2.54882813
 -3.09570313
 -3.10546875
 -2.52929688
 -1.41601563
  0.01953125
  1.35742188
  2.50488281
  3.03710938
  2.41210938
 -0.15625000
 -2.60253906
 -3.11523438
 -3.07617188
 -1.30371094
  0.13183594
  2.55371094
  3.07128906
  3.00781250
  2.32910156
  1.14257813
 -0.32226563
 -1.64062500
 -2.67089844
 -3.13476563
 -3.04199219
 -2.34375000
 -1.16699219
  1.63574219
  3.08105469
  2.27539063
  1.00585938
 -0.38574219
 -2.72460938
 -3.00292969
 -1.05468750
  1.65527344
  2.70019531
  3.09082031
  2.15332031
 -0.50781250
 -1.80664063
 -3.15917969
 -2.18750000
  0.44921875
  2.76855469
  2.90527344
  0.83496094
 -1.88964844
 -2.84667969
 -3.15917969
 -2.93945313
 -2.12402344
  0.61523438
  1.88476563
  2.82226563
  2.86132813
  2.01660156
  0.66894531
 -0.71289063
 -2.91015625
 -2.89062500
 -2.03125000
 -0.68359375
  0.68847656
  2.01660156
  2.84179688
  3.12011719
  2.81250000
  1.84082031
  0.53222656
 -0.93261719
 -2.16796875
 -2.98339844
 -3.15917969
 -2.82714844
 -0.50781250
  0.86425781
  2.92480469
  2.73925781
  0.41992188
 -1.05468750
 -2.25097656
 -3.01269531
 -3.14453125
 -2.73437500
 -1.74316406
  0.96679688
  2.23632813
  3.10058594
  2.65625000
  1.62597656
 -1.12792969
 -2.37304688
 -3.03222656
 -3.12500000
 -2.68066406
 -1.58203125
  1.14257813
  2.98828125
  2.57324219
  1.50390625
  0.15136719
 -1.28906250
 -2.43652344
 -3.07617188
 -2.62207031
 -0.16601563
  1.27441406
  3.01757813
  2.49023438
  1.37695313
  0.00976563
 -1.42578125
 -2.52929688
 -3.08593750
 -2.52929688
  0.05859375
  1.41113281
  3.03710938
  3.02734375
  1.24511719
 -0.20996094
 -1.54785156
 -3.10546875
 -2.41699219
  0.13183594
  2.56347656
  3.01757813
  2.34863281
  1.18164063
 -1.64062500
 -2.67089844
 -3.13476563
 -3.04199219
 -2.33398438
 -1.14746094
  1.58691406
  2.64648438
  3.08105469
  2.96875000
  2.25585938
  0.95703125
 -0.42480469
 -2.74414063
 -2.99316406
 -2.26074219
  0.43945313
  1.73828125
  3.09082031
  2.92480469
  2.17285156
 -0.57128906
 -1.87011719
 -2.84667969
 -2.94921875
 -0.88867188
  0.57617188
  1.85546875
  2.80273438
  3.11035156
  2.05078125
  0.70800781
 -0.68359375
 -2.90039063
 -3.16894531
 -2.05566406
 -0.72265625
  1.95800781
  2.85156250
  3.12011719
  2.84179688
  0.57617188
 -0.80566406
 -2.93945313
 -3.16894531
 -2.86621094
 -1.90917969
  0.78125000
  2.08984375
  2.89550781
  3.11035156
  2.75878906
  1.72851563
  0.41015625
 -1.05468750
 -3.00292969
 -2.77343750
 -1.73339844
 -0.42480469
  1.02050781
  2.21191406
  3.10058594
  1.62597656
  0.29785156
 -1.16699219
 -2.34375000
 -3.02246094
 -3.13476563
 -1.66015625
  1.13281250
  2.29492188
  3.08105469
  1.50390625
  0.15136719
 -2.41699219
 -3.11523438
 -2.63183594
